delta_time	note
0	0
1917	0
1	0
1	0
1	0
0	0
0	0
1	0
1	0
1	0
0	0
1	0
1	0
1	0
0	0
0	0
1	0
1	0
1	0
0	0
1	0
1	0
1	0
0	0
1	0
1	0
1	0
0	0
0	0
0	0
0	0
0	0
0	0
0	0
0	0
0	0
0	0
0	0
0	0
0	55
225	55
0	67
240	67
0	65
240	65
0	67
240	67
0	70
480	70
0	67
240	67
0	74
240	74
0	72
240	72
0	70
240	70
0	65
480	65
0	58
240	58
0	57
240	57
0	65
240	65
0	63
240	63
0	62
240	62
0	60
240	60
0	58
240	58
0	55
240	55
0	58
240	58
0	55
240	55
0	58
240	58
0	62
240	62
0	67
240	67
0	62
240	62
0	58
240	58
0	55
240	55
0	65
240	65
0	58
240	58
0	55
240	55
0	53
240	53
0	55
240	55
0	67
240	67
0	65
240	65
0	67
240	67
0	70
480	70
0	67
240	67
0	74
240	74
0	72
240	72
0	70
240	70
0	65
480	65
0	58
240	58
0	57
240	57
0	65
240	65
0	63
240	63
0	62
240	62
0	60
240	60
0	58
240	58
0	55
240	55
0	58
240	58
0	55
240	55
0	58
240	58
0	62
240	62
0	67
240	67
0	62
240	62
0	58
240	58
0	55
240	55
0	65
240	65
0	58
240	58
0	55
240	55
0	53
240	53
0	55
240	55
0	67
240	67
0	65
240	65
0	67
240	67
0	70
480	70
0	67
240	67
0	74
240	74
0	72
240	72
0	70
240	70
0	65
480	65
0	58
240	58
0	57
240	57
0	65
240	65
0	63
240	63
0	62
240	62
0	60
240	60
0	58
240	58
0	55
240	55
0	58
240	58
0	55
240	55
0	58
240	58
0	62
240	62
0	67
240	67
0	62
240	62
0	58
240	58
0	55
240	55
0	65
240	65
0	58
240	58
0	55
240	55
0	53
240	53
0	55
240	55
0	67
240	67
0	65
240	65
0	67
240	67
0	70
480	70
0	67
240	67
0	74
240	74
0	72
240	72
0	70
240	70
0	65
480	65
0	58
240	58
0	57
240	57
0	65
240	65
0	63
240	63
0	62
240	62
0	60
240	60
0	58
240	58
0	55
240	55
0	58
240	58
0	55
240	55
0	58
240	58
0	62
240	62
0	67
240	67
0	62
240	62
0	58
240	58
0	55
240	55
0	65
240	65
0	58
240	58
0	55
240	55
0	53
240	53
0	55
240	55
0	67
240	67
0	65
240	65
0	67
240	67
0	70
480	70
0	67
240	67
0	74
240	74
0	72
240	72
0	70
240	70
0	65
480	65
0	58
240	58
0	57
240	57
0	65
240	65
0	63
240	63
0	62
240	62
0	60
240	60
0	58
240	58
0	55
240	55
0	58
240	58
0	55
240	55
0	58
240	58
0	62
240	62
0	67
240	67
0	62
240	62
0	58
240	58
0	55
240	55
0	65
240	65
0	58
240	58
0	55
240	55
0	53
240	53
0	55
240	55
0	67
240	67
0	65
240	65
0	67
240	67
0	70
480	70
0	67
240	67
0	74
240	74
0	72
240	72
0	70
240	70
0	65
480	65
0	58
240	58
0	57
240	57
0	65
240	65
0	63
240	63
0	62
240	62
0	60
240	60
0	58
240	58
0	55
240	55
0	58
240	58
0	55
240	55
0	58
240	58
0	62
240	62
1920	0
0	0
960	71
0	0
0	67
0	0
0	62
0	0
32	0
0	0
0	0
16	0
0	0
16	0
0	0
0	0
16	0
0	0
0	0
16	0
0	0
0	0
16	0
0	0
0	0
16	0
0	0
352	62
0	67
0	71
0	0
0	0
0	0
3360	71
0	0
0	67
0	0
0	62
0	0
32	0
0	0
0	0
16	0
0	0
16	0
0	0
0	0
16	0
0	0
0	0
16	0
0	0
0	0
16	0
0	0
0	0
16	0
0	0
352	62
0	67
0	71
0	0
0	0
0	0
3360	71
0	0
0	67
0	0
0	62
0	0
32	0
0	0
0	0
16	0
0	0
16	0
0	0
0	0
16	0
0	0
0	0
16	0
0	0
0	0
16	0
0	0
0	0
16	0
0	0
352	62
0	67
0	71
0	0
0	0
0	0
2400	0
0	0
0	55
240	55
0	67
240	67
0	65
240	65
0	67
240	67
0	70
480	70
0	67
240	67
0	74
240	74
0	72
240	72
0	70
240	70
0	65
480	65
0	58
240	58
0	57
240	57
0	65
240	65
0	63
240	63
0	0
0	0
960	71
0	0
0	67
0	0
0	62
0	0
32	0
0	0
0	0
16	0
0	0
16	0
0	0
0	0
16	0
0	0
0	0
16	0
0	0
0	0
16	0
0	0
0	0
16	0
0	0
352	62
0	67
0	71
0	0
0	0
0	0
3360	71
0	0
0	67
0	0
0	62
0	0
32	0
0	0
0	0
16	0
0	0
16	0
0	0
0	0
16	0
0	0
0	0
16	0
0	0
0	0
16	0
0	0
0	0
16	0
0	0
352	62
0	67
0	71
0	0
0	0
0	0
3360	71
0	0
0	67
0	0
0	62
0	0
32	0
0	0
0	0
16	0
0	0
16	0
0	0
0	0
16	0
0	0
0	0
16	0
0	0
0	0
16	0
0	0
0	0
16	0
0	0
352	62
0	67
0	71
0	0
0	0
0	0
2400	0
0	0
0	55
240	55
0	67
240	67
0	65
240	65
0	67
240	67
0	70
480	70
0	67
240	67
0	74
240	74
0	72
240	72
0	70
240	70
0	65
480	65
0	58
240	58
0	57
240	57
0	65
240	65
0	63
240	63
0	0
0	0
960	71
0	0
0	67
0	0
0	62
0	0
32	0
0	0
0	0
16	0
0	0
16	0
0	0
0	0
16	0
0	0
0	0
16	0
0	0
0	0
16	0
0	0
0	0
16	0
0	0
352	62
0	67
0	71
0	0
0	0
0	0
3360	71
0	0
0	67
0	0
0	62
0	0
32	0
0	0
0	0
16	0
0	0
16	0
0	0
0	0
16	0
0	0
0	0
16	0
0	0
0	0
16	0
0	0
0	0
16	0
0	0
352	62
0	67
0	71
0	0
0	0
0	0
3360	71
0	0
0	67
0	0
0	62
0	0
32	0
0	0
0	0
16	0
0	0
16	0
0	0
0	0
16	0
0	0
0	0
16	0
0	0
0	0
16	0
0	0
0	0
16	0
0	0
352	62
0	67
0	71
0	0
0	0
0	0
2400	0
0	0
0	55
240	55
0	67
240	67
0	65
240	65
0	67
240	67
0	70
480	70
0	67
240	67
0	74
240	74
0	72
240	72
0	70
240	70
0	65
480	65
0	58
240	58
0	57
240	57
0	65
240	65
0	63
240	63
0	0
0	0
960	71
0	0
0	67
0	0
0	62
0	0
32	0
0	0
0	0
16	0
0	0
16	0
0	0
0	0
16	0
0	0
0	0
16	0
0	0
0	0
16	0
0	0
0	0
16	0
0	0
352	62
0	67
0	71
0	0
0	0
0	0
3360	71
0	0
0	67
0	0
0	62
0	0
32	0
0	0
0	0
16	0
0	0
16	0
0	0
0	0
16	0
0	0
0	0
16	0
0	0
0	0
16	0
0	0
0	0
16	0
0	0
352	62
0	67
0	71
0	0
0	0
0	0
3360	71
0	0
0	67
0	0
0	62
0	0
32	0
0	0
0	0
16	0
0	0
16	0
0	0
0	0
16	0
0	0
0	0
16	0
0	0
0	0
16	0
0	0
0	0
16	0
0	0
352	62
0	67
0	71
0	0
0	0
0	0
2400	0
0	0
0	55
240	55
0	67
240	67
0	65
240	65
0	67
240	67
0	70
480	70
0	67
240	67
0	74
240	74
0	72
240	72
0	70
240	70
0	65
480	65
0	58
240	58
0	57
240	57
0	65
240	65
0	63
240	63
0	62
240	62
0	60
240	60
0	58
240	58
0	55
240	55
0	58
240	58
0	55
240	55
0	58
240	58
0	62
240	62
0	67
240	67
0	62
240	62
0	58
240	58
0	55
240	55
0	65
240	65
0	58
240	58
0	55
240	55
0	53
240	53
0	0
0	0
0	55
240	55
0	67
240	67
0	65
240	65
0	67
240	67
0	70
480	70
0	67
240	67
0	74
240	74
0	72
240	72
0	70
240	70
0	65
480	65
0	58
240	58
0	57
240	57
0	65
240	65
0	63
240	63
0	62
240	62
0	60
240	60
0	58
240	58
0	55
240	55
0	58
240	58
0	55
240	55
0	58
240	58
0	62
240	62
0	67
240	67
0	62
240	62
0	58
240	58
0	55
240	55
0	65
240	65
0	58
240	58
0	55
240	55
0	53
240	53
0	55
240	55
0	67
240	67
0	65
240	65
0	67
240	67
0	70
480	70
0	67
240	67
0	74
240	74
0	72
240	72
0	70
240	70
0	65
480	65
0	58
240	58
0	57
240	57
0	65
240	65
0	63
240	63
0	62
240	62
0	60
240	60
0	58
240	58
0	55
240	55
0	58
240	58
0	55
240	55
0	58
240	58
0	62
240	62
0	67
240	67
0	62
240	62
0	58
240	58
0	55
240	55
0	65
240	65
0	58
240	58
0	55
240	55
0	53
240	53
0	55
240	55
0	67
240	67
0	65
240	65
0	67
240	67
0	70
480	70
0	67
240	67
0	74
240	74
0	72
240	72
0	70
240	70
0	65
480	65
0	58
240	58
0	57
240	57
0	65
240	65
0	63
240	63
0	62
240	62
0	60
240	60
0	58
240	58
0	55
240	55
0	58
240	58
0	55
240	55
0	58
240	58
0	62
240	62
1920	0
0	0
960	71
0	0
0	67
0	0
0	62
0	0
32	0
0	0
0	0
16	0
0	0
16	0
0	0
0	0
16	0
0	0
0	0
16	0
0	0
0	0
16	0
0	0
0	0
16	0
0	0
352	62
0	67
0	71
0	0
0	0
0	0
3360	71
0	0
0	67
0	0
0	62
0	0
32	0
0	0
0	0
16	0
0	0
16	0
0	0
0	0
16	0
0	0
0	0
16	0
0	0
0	0
16	0
0	0
0	0
16	0
0	0
352	62
0	67
0	71
0	0
0	0
0	0
3360	71
0	0
0	67
0	0
0	62
0	0
32	0
0	0
0	0
16	0
0	0
16	0
0	0
0	0
16	0
0	0
0	0
16	0
0	0
0	0
16	0
0	0
0	0
16	0
0	0
352	62
0	67
0	71
0	0
0	0
0	0
2400	0
0	0
0	55
240	55
0	67
240	67
0	65
240	65
0	67
240	67
0	70
480	70
0	67
240	67
0	74
240	74
0	72
240	72
0	70
240	70
0	65
480	65
0	58
240	58
0	57
240	57
0	65
240	65
0	63
240	63
0	0
0	0
960	71
0	0
0	67
0	0
0	62
0	0
32	0
0	0
0	0
16	0
0	0
16	0
0	0
0	0
16	0
0	0
0	0
16	0
0	0
0	0
16	0
0	0
0	0
16	0
0	0
352	62
0	67
0	71
0	0
0	0
0	0
3360	71
0	0
0	67
0	0
0	62
0	0
32	0
0	0
0	0
16	0
0	0
16	0
0	0
0	0
16	0
0	0
0	0
16	0
0	0
0	0
16	0
0	0
0	0
16	0
0	0
352	62
0	67
0	71
0	0
0	0
0	0
3360	71
0	0
0	67
0	0
0	62
0	0
32	0
0	0
0	0
16	0
0	0
16	0
0	0
0	0
16	0
0	0
0	0
16	0
0	0
0	0
16	0
0	0
0	0
16	0
0	0
352	62
0	67
0	71
0	0
0	0
0	0
2400	0
0	0
0	55
240	55
0	67
240	67
0	65
240	65
0	67
240	67
0	70
480	70
0	67
240	67
0	74
240	74
0	72
240	72
0	70
240	70
0	65
480	65
0	58
240	58
0	57
240	57
0	65
240	65
0	63
240	63
0	0
0	0
960	71
0	0
0	67
0	0
0	62
0	0
32	0
0	0
0	0
16	0
0	0
16	0
0	0
0	0
16	0
0	0
0	0
16	0
0	0
0	0
16	0
0	0
0	0
16	0
0	0
352	62
0	67
0	71
0	0
0	0
0	0
3360	71
0	0
0	67
0	0
0	62
0	0
32	0
0	0
0	0
16	0
0	0
16	0
0	0
0	0
16	0
0	0
0	0
16	0
0	0
0	0
16	0
0	0
0	0
16	0
0	0
352	62
0	67
0	71
0	0
0	0
0	0
3360	71
0	0
0	67
0	0
0	62
0	0
32	0
0	0
0	0
16	0
0	0
16	0
0	0
0	0
16	0
0	0
0	0
16	0
0	0
0	0
16	0
0	0
0	0
16	0
0	0
352	62
0	67
0	71
0	0
0	0
0	0
2400	0
0	0
0	55
240	55
0	67
240	67
0	65
240	65
0	67
240	67
0	70
480	70
0	67
240	67
0	74
240	74
0	72
240	72
0	70
240	70
0	65
480	65
0	58
240	58
0	57
240	57
0	65
240	65
0	63
240	63
0	0
0	0
960	71
0	0
0	67
0	0
0	62
0	0
32	0
0	0
0	0
16	0
0	0
16	0
0	0
0	0
16	0
0	0
0	0
16	0
0	0
0	0
16	0
0	0
0	0
16	0
0	0
352	62
0	67
0	71
0	0
0	0
0	0
3360	71
0	0
0	67
0	0
0	62
0	0
32	0
0	0
0	0
16	0
0	0
16	0
0	0
0	0
16	0
0	0
0	0
16	0
0	0
0	0
16	0
0	0
0	0
16	0
0	0
352	62
0	67
0	71
0	0
0	0
0	0
3360	71
0	0
0	67
0	0
0	62
0	0
32	0
0	0
0	0
16	0
0	0
16	0
0	0
0	0
16	0
0	0
0	0
16	0
0	0
0	0
16	0
0	0
0	0
16	0
0	0
352	62
0	67
0	71
0	0
0	0
0	0
2400	0
0	0
0	55
240	55
0	67
240	67
0	65
240	65
0	67
240	67
0	70
480	70
0	67
240	67
0	74
240	74
0	72
240	72
0	70
240	70
0	65
480	65
0	58
240	58
0	57
240	57
0	65
240	65
0	63
240	63
0	62
240	62
0	60
240	60
0	58
240	58
0	55
240	55
0	58
240	58
0	55
240	55
0	58
240	58
0	62
240	62
0	67
240	67
0	62
240	62
0	58
240	58
0	55
240	55
0	65
240	65
0	58
240	58
0	55
240	55
0	53
240	53
0	0
0	0
0	55
240	55
0	67
240	67
0	65
240	65
0	67
240	67
0	70
480	70
0	67
240	67
0	74
240	74
0	72
240	72
0	70
240	70
0	65
480	65
0	58
240	58
0	57
240	57
0	65
240	65
0	63
240	63
0	62
240	62
0	60
240	60
0	58
240	58
0	55
240	55
0	58
240	58
0	55
240	55
0	58
240	58
0	62
240	62
0	67
240	67
0	62
240	62
0	58
240	58
0	55
240	55
0	65
240	0
103	0
103	0
103	0
102	0
103	0
103	0
103	65
0	0
0	55
240	55
0	67
240	67
0	65
240	65
0	67
240	67
0	70
480	70
0	67
240	67
0	74
240	74
0	72
240	72
0	70
240	70
0	65
480	65
0	58
240	58
0	57
240	57
0	65
240	65
0	63
240	63
0	62
240	62
0	60
240	60
0	58
240	58
0	55
240	55
0	58
240	58
0	55
240	55
0	58
240	58
0	62
240	62
0	67
240	67
0	62
240	62
0	58
240	58
0	55
240	55
0	65
240	65
0	58
240	58
0	55
240	55
0	53
240	53
0	55
240	55
0	67
240	67
0	65
240	65
0	67
240	67
0	70
480	70
0	67
240	67
0	74
240	74
0	72
240	72
0	70
240	70
0	65
480	65
0	58
240	58
0	57
240	57
0	65
240	65
0	63
240	63
0	62
240	62
0	60
240	60
0	58
240	58
0	55
240	55
0	58
240	58
0	55
240	55
0	58
240	58
0	62
240	62
0	67
240	67
0	62
240	62
0	58
240	58
0	55
240	55
0	65
240	65
0	58
240	58
0	55
240	55
0	53
240	53
38400	0
0	0
120	0
0	0
120	0
0	0
120	0
0	0
120	0
0	0
120	0
0	0
120	0
0	0
120	0
0	0
120	0
0	0
120	0
0	0
120	0
0	0
120	0
0	0
120	0
0	0
120	0
0	0
120	0
0	0
120	0
0	0
120	0
0	0
0	0
0	0
0	0
0	0
0	0
0	0
0	0
0	0
0	0
0	0
0	0
0	0
0	0
0	0
0	0
0	0
0	0
0	0
0	0
0	0
0	0
0	0
0	0
0	0
0	0
0	0
0	0
0	0
0	0
0	0
0	0
0	0
0	0
0	0
0	0
0	0
0	0
0	0
0	0
0	0
0	0
0	0
0	0
0	0
0	0
0	0
0	0
0	0
0	0
0	0
0	0
0	0
0	0
0	0
0	0
0	0
0	0
0	0
0	0
0	0
0	0
0	0
0	0
0	0
0	0
0	0
0	0
0	0
0	0
0	0
0	0
0	0
0	0
0	0
0	0
0	0
0	0
0	0
0	0
0	0
0	0
0	0
0	0
0	0
0	0
0	0
0	0
0	0
0	0
0	0
0	0
0	0
0	0
0	0
0	0
0	0
0	0
0	0
0	0
0	0
0	0
0	0
0	0
0	0
0	0
0	0
0	0
0	0
0	0
0	0
0	0
0	0
0	0
0	0
0	0
0	0
0	0
0	0
0	0
0	0
0	0
0	0
0	0
0	0
0	0
0	0
0	0
0	0
0	0
0	0
0	0
0	0
0	0
0	0
0	0
0	0
0	0
0	0
0	0
0	0
0	0
0	0
0	0
0	0
0	0
0	0
0	0
0	0
0	0
0	0
0	0
0	0
0	0
0	0
0	0
0	0
0	0
0	0
0	0
0	0
0	0
0	0
0	0
0	0
0	0
0	0
0	0
0	0
0	0
0	0
0	0
0	0
0	0
0	0
0	0
0	0
0	0
0	0
0	0
0	0
0	0
0	0
0	0
0	0
0	0
0	0
0	0
0	0
0	0
0	0
0	0
0	0
0	0
0	0
0	0
0	0
0	0
0	0
0	0
0	0
0	0
0	0
0	0
0	0
0	0
0	0
0	0
0	0
0	0
0	0
0	0
0	0
0	0
0	0
0	0
0	0
0	0
0	0
0	0
0	0
0	0
0	0
0	0
0	0
0	0
0	0
0	0
0	0
0	0
0	0
0	0
0	0
0	0
0	0
0	0
0	0
0	0
0	0
0	0
0	0
0	0
0	0
0	0
0	0
0	0
0	0
0	0
0	0
0	0
0	0
0	0
0	0
0	0
0	0
0	0
0	0
0	0
0	0
0	0
0	0
0	0
0	0
0	0
0	0
0	0
0	0
0	0
0	0
0	0
0	0
0	0
0	0
0	0
0	0
0	0
0	0
0	0
0	0
0	0
0	0
0	0
0	0
0	0
0	0
0	0
0	0
0	0
0	0
0	0
0	0
0	0
0	0
0	0
0	0
0	0
0	0
0	0
0	0
0	0
0	0
0	0
0	0
0	0
0	0
0	0
0	0
0	0
0	0
0	0
0	0
0	0
0	0
0	0
0	0
0	0
0	0
0	0
0	0
0	0
0	0
0	0
0	0
0	0
0	0
0	0
0	0
0	0
0	0
0	0
0	0
0	0
0	0
0	0
0	0
0	0
0	0
0	0
0	0
0	0
0	0
