delta_time	note
0	0
1917	0
1	0
1	0
1	0
0	0
0	0
1	0
1	0
1	0
0	0
1	0
1	0
1	0
0	0
0	0
1	0
1	0
1	0
0	0
1	0
1	0
1	0
0	0
1	0
1	0
1	0
0	0
0	0
0	0
0	0
0	0
0	0
0	0
0	0
0	0
0	0
0	0
0	0
15345	27
1440	27
0	29
240	29
0	31
240	31
0	29
1920	29
0	19
3840	19
0	27
1440	27
0	29
240	29
0	31
240	31
0	29
1920	29
0	19
3840	19
0	27
1440	27
0	29
240	29
0	31
240	31
0	29
1920	29
0	19
3840	19
0	27
1440	27
0	29
240	29
0	31
240	31
0	29
1920	29
0	19
1920	19
1920	0
0	34
16	0
32	0
16	0
32	0
16	0
32	0
16	0
32	0
16	0
32	0
16	0
32	0
16	0
32	0
16	0
32	0
16	0
32	0
16	0
32	0
16	0
32	0
16	0
32	0
16	0
32	0
48	0
48	0
240	34
0	0
480	19
240	19
0	19
240	19
0	19
720	19
0	19
240	19
0	19
480	19
0	19
480	19
0	0
0	34
16	0
32	0
16	0
32	0
16	0
32	0
16	0
32	0
16	0
32	0
16	0
32	0
16	0
32	0
16	0
32	0
16	0
32	0
16	0
32	0
16	0
32	0
16	0
32	0
16	0
32	0
48	0
48	0
240	34
0	0
480	19
240	19
0	19
240	19
0	19
720	19
0	19
240	19
0	19
480	19
0	19
480	19
1440	19
240	19
0	19
240	19
0	19
960	19
0	19
360	19
0	19
120	19
0	19
240	19
0	19
240	19
0	27
1440	27
0	29
240	29
0	31
240	31
0	29
1920	29
0	0
0	34
16	0
32	0
16	0
32	0
16	0
32	0
16	0
32	0
16	0
32	0
16	0
32	0
16	0
32	0
16	0
32	0
16	0
32	0
16	0
32	0
16	0
32	0
16	0
32	0
16	0
32	0
48	0
48	0
240	34
0	0
480	19
240	19
0	19
240	19
0	19
720	19
0	19
240	19
0	19
480	19
0	19
480	19
0	0
0	34
16	0
32	0
16	0
32	0
16	0
32	0
16	0
32	0
16	0
32	0
16	0
32	0
16	0
32	0
16	0
32	0
16	0
32	0
16	0
32	0
16	0
32	0
16	0
32	0
16	0
32	0
48	0
48	0
240	34
0	0
480	19
240	19
0	19
240	19
0	19
720	19
0	19
240	19
0	19
480	19
0	19
480	19
1440	19
160	19
0	19
160	19
0	19
160	19
0	19
240	19
240	19
160	19
0	19
160	19
0	19
160	19
0	19
160	19
0	19
160	19
0	19
160	19
0	19
240	19
0	19
240	19
0	27
1440	27
0	29
240	29
0	31
240	31
0	29
1920	29
0	0
0	34
16	0
32	0
16	0
32	0
16	0
32	0
16	0
32	0
16	0
32	0
16	0
32	0
16	0
32	0
16	0
32	0
16	0
32	0
16	0
32	0
16	0
32	0
16	0
32	0
16	0
32	0
48	0
48	0
240	34
0	0
480	19
240	19
0	19
240	19
0	19
720	19
0	19
240	19
0	19
480	19
0	19
480	19
0	0
0	34
16	0
32	0
16	0
32	0
16	0
32	0
16	0
32	0
16	0
32	0
16	0
32	0
16	0
32	0
16	0
32	0
16	0
32	0
16	0
32	0
16	0
32	0
16	0
32	0
16	0
32	0
48	0
48	0
240	34
0	0
480	19
240	19
0	19
240	19
0	19
720	19
0	19
240	19
0	19
480	19
0	19
480	19
1440	19
240	19
0	19
240	19
0	19
960	19
0	19
360	19
0	19
120	19
0	19
240	19
0	19
240	19
0	27
1440	27
0	29
240	29
0	31
240	31
0	29
1920	29
0	0
0	34
16	0
32	0
16	0
32	0
16	0
32	0
16	0
32	0
16	0
32	0
16	0
32	0
16	0
32	0
16	0
32	0
16	0
32	0
16	0
32	0
16	0
32	0
16	0
32	0
16	0
32	0
48	0
48	0
240	34
0	0
480	19
240	19
0	19
240	19
0	19
720	19
0	19
240	19
0	19
480	19
0	19
480	19
0	0
0	34
16	0
32	0
16	0
32	0
16	0
32	0
16	0
32	0
16	0
32	0
16	0
32	0
16	0
32	0
16	0
32	0
16	0
32	0
16	0
32	0
16	0
32	0
16	0
32	0
16	0
32	0
48	0
48	0
240	34
0	0
480	19
240	19
0	19
240	19
0	19
720	19
0	19
240	19
0	19
480	19
0	19
480	19
1440	19
160	19
0	19
160	19
0	19
160	19
0	19
240	19
240	19
160	19
0	19
160	19
0	19
160	19
0	19
160	19
0	19
160	19
0	19
160	19
0	19
240	19
0	19
240	19
0	27
1440	27
0	29
240	29
0	31
240	31
0	29
1920	29
0	19
3840	19
0	27
1440	27
0	29
240	29
0	31
240	31
0	29
1920	29
0	19
3840	19
0	27
1440	27
0	29
240	29
0	31
240	31
0	29
1920	29
0	19
3840	19
0	27
1440	27
0	29
240	29
0	31
240	31
0	29
1920	29
0	19
1920	19
1920	0
0	34
16	0
32	0
16	0
32	0
16	0
32	0
16	0
32	0
16	0
32	0
16	0
32	0
16	0
32	0
16	0
32	0
16	0
32	0
16	0
32	0
16	0
32	0
16	0
32	0
16	0
32	0
48	0
48	0
240	34
0	0
480	19
240	19
0	19
240	19
0	19
720	19
0	19
240	19
0	19
480	19
0	19
480	19
0	0
0	34
16	0
32	0
16	0
32	0
16	0
32	0
16	0
32	0
16	0
32	0
16	0
32	0
16	0
32	0
16	0
32	0
16	0
32	0
16	0
32	0
16	0
32	0
16	0
32	0
16	0
32	0
48	0
48	0
240	34
0	0
480	19
240	19
0	19
240	19
0	19
720	19
0	19
240	19
0	19
480	19
0	19
480	19
1440	19
240	19
0	19
240	19
0	19
960	19
0	19
360	19
0	19
120	19
0	19
240	19
0	19
240	19
0	27
1440	27
0	29
240	29
0	31
240	31
0	29
1920	29
0	0
0	34
16	0
32	0
16	0
32	0
16	0
32	0
16	0
32	0
16	0
32	0
16	0
32	0
16	0
32	0
16	0
32	0
16	0
32	0
16	0
32	0
16	0
32	0
16	0
32	0
16	0
32	0
48	0
48	0
240	34
0	0
480	19
240	19
0	19
240	19
0	19
720	19
0	19
240	19
0	19
480	19
0	19
480	19
0	0
0	34
16	0
32	0
16	0
32	0
16	0
32	0
16	0
32	0
16	0
32	0
16	0
32	0
16	0
32	0
16	0
32	0
16	0
32	0
16	0
32	0
16	0
32	0
16	0
32	0
16	0
32	0
48	0
48	0
240	34
0	0
480	19
240	19
0	19
240	19
0	19
720	19
0	19
240	19
0	19
480	19
0	19
480	19
1440	19
160	19
0	19
160	19
0	19
160	19
0	19
240	19
240	19
160	19
0	19
160	19
0	19
160	19
0	19
160	19
0	19
160	19
0	19
160	19
0	19
240	19
0	19
240	19
0	27
1440	27
0	29
240	29
0	31
240	31
0	29
1920	29
0	0
0	34
16	0
32	0
16	0
32	0
16	0
32	0
16	0
32	0
16	0
32	0
16	0
32	0
16	0
32	0
16	0
32	0
16	0
32	0
16	0
32	0
16	0
32	0
16	0
32	0
16	0
32	0
48	0
48	0
240	34
0	0
480	19
240	19
0	19
240	19
0	19
720	19
0	19
240	19
0	19
480	19
0	19
480	19
0	0
0	34
16	0
32	0
16	0
32	0
16	0
32	0
16	0
32	0
16	0
32	0
16	0
32	0
16	0
32	0
16	0
32	0
16	0
32	0
16	0
32	0
16	0
32	0
16	0
32	0
16	0
32	0
48	0
48	0
240	34
0	0
480	19
240	19
0	19
240	19
0	19
720	19
0	19
240	19
0	19
480	19
0	19
480	19
1440	19
240	19
0	19
240	19
0	19
960	19
0	19
360	19
0	19
120	19
0	19
240	19
0	19
240	19
0	27
1440	27
0	29
240	29
0	31
240	31
0	29
1920	29
0	0
0	34
16	0
32	0
16	0
32	0
16	0
32	0
16	0
32	0
16	0
32	0
16	0
32	0
16	0
32	0
16	0
32	0
16	0
32	0
16	0
32	0
16	0
32	0
16	0
32	0
16	0
32	0
48	0
48	0
240	34
0	0
480	19
240	19
0	19
240	19
0	19
720	19
0	19
240	19
0	19
480	19
0	19
480	19
0	0
0	34
16	0
32	0
16	0
32	0
16	0
32	0
16	0
32	0
16	0
32	0
16	0
32	0
16	0
32	0
16	0
32	0
16	0
32	0
16	0
32	0
16	0
32	0
16	0
32	0
16	0
32	0
48	0
48	0
240	34
0	0
480	19
240	19
0	19
240	19
0	19
720	19
0	19
240	19
0	19
480	19
0	19
480	19
1440	19
160	19
0	19
160	19
0	19
160	19
0	19
240	19
240	19
160	19
0	19
160	19
0	19
160	19
0	19
160	19
0	19
160	19
0	19
160	19
0	19
240	19
0	19
240	19
0	27
1440	27
0	29
240	29
0	31
240	31
0	29
1920	29
0	19
3840	19
0	27
1440	27
0	29
240	29
0	31
240	31
0	29
1920	29
0	19
3840	19
53760	0
0	0
120	0
0	0
120	0
0	0
120	0
0	0
120	0
0	0
120	0
0	0
120	0
0	0
120	0
0	0
120	0
0	0
120	0
0	0
120	0
0	0
120	0
0	0
120	0
0	0
120	0
0	0
120	0
0	0
120	0
0	0
120	0
0	0
0	0
0	0
0	0
0	0
0	0
0	0
0	0
0	0
0	0
0	0
0	0
0	0
0	0
0	0
0	0
0	0
0	0
0	0
0	0
0	0
0	0
0	0
0	0
0	0
0	0
0	0
0	0
0	0
0	0
0	0
0	0
0	0
0	0
0	0
0	0
0	0
0	0
0	0
0	0
0	0
0	0
0	0
0	0
0	0
0	0
0	0
0	0
0	0
0	0
0	0
0	0
0	0
0	0
0	0
0	0
0	0
0	0
0	0
0	0
0	0
0	0
0	0
0	0
0	0
0	0
0	0
0	0
0	0
0	0
0	0
0	0
0	0
0	0
0	0
0	0
0	0
0	0
0	0
0	0
0	0
0	0
0	0
0	0
0	0
0	0
0	0
0	0
0	0
0	0
0	0
0	0
0	0
0	0
0	0
0	0
0	0
0	0
0	0
0	0
0	0
0	0
0	0
0	0
0	0
0	0
0	0
0	0
0	0
0	0
0	0
0	0
0	0
0	0
0	0
0	0
0	0
0	0
0	0
0	0
0	0
0	0
0	0
0	0
0	0
0	0
0	0
0	0
0	0
0	0
0	0
0	0
0	0
0	0
0	0
0	0
0	0
0	0
0	0
0	0
0	0
0	0
0	0
0	0
0	0
0	0
0	0
0	0
0	0
0	0
0	0
0	0
0	0
0	0
0	0
0	0
0	0
0	0
0	0
0	0
0	0
0	0
0	0
0	0
0	0
0	0
0	0
0	0
0	0
0	0
0	0
0	0
0	0
0	0
0	0
0	0
0	0
0	0
0	0
0	0
0	0
0	0
0	0
0	0
0	0
0	0
0	0
0	0
0	0
0	0
0	0
0	0
0	0
0	0
0	0
0	0
0	0
0	0
0	0
0	0
0	0
0	0
0	0
0	0
0	0
0	0
0	0
0	0
0	0
0	0
0	0
0	0
0	0
0	0
0	0
0	0
0	0
0	0
0	0
0	0
0	0
0	0
0	0
0	0
0	0
0	0
0	0
0	0
0	0
0	0
0	0
0	0
0	0
0	0
0	0
0	0
0	0
0	0
0	0
0	0
0	0
0	0
0	0
0	0
0	0
0	0
0	0
0	0
0	0
0	0
0	0
0	0
0	0
0	0
0	0
0	0
0	0
0	0
0	0
0	0
0	0
0	0
0	0
0	0
0	0
0	0
0	0
0	0
0	0
0	0
0	0
0	0
0	0
0	0
0	0
0	0
0	0
