delta_time	note
0	0
1917	0
1	0
1	0
1	0
0	0
0	0
1	0
1	0
1	0
0	0
1	0
1	0
1	0
0	0
0	0
1	0
1	0
1	0
0	0
1	0
1	0
1	0
0	0
1	0
1	0
1	0
0	0
0	0
0	0
0	0
0	0
0	0
0	0
0	0
0	0
0	0
0	0
0	0
222705	79
0	70
240	79
0	82
240	82
0	81
240	81
0	82
240	82
0	82
240	82
0	79
240	79
0	84
240	84
0	82
240	82
0	70
0	84
0	72
240	84
0	82
240	82
0	84
240	84
0	82
240	82
0	86
240	86
0	82
240	82
0	84
240	84
0	86
240	86
0	72
0	79
0	67
240	79
0	82
240	82
0	81
240	81
0	82
240	82
0	82
240	82
0	79
240	79
0	77
240	77
0	74
240	74
0	67
0	84
0	65
240	84
0	82
240	82
0	84
240	84
0	82
240	82
0	86
240	86
0	82
240	82
0	65
0	84
0	72
240	72
0	84
0	84
0	72
240	72
0	84
0	79
0	70
240	79
0	82
240	82
0	81
240	81
0	82
240	82
0	82
240	82
0	79
240	79
0	84
240	84
0	82
240	82
0	70
0	84
0	72
240	84
0	82
240	82
0	84
240	84
0	82
240	82
0	86
240	86
0	82
240	82
0	84
240	84
0	86
240	86
0	72
0	79
0	67
240	79
0	82
240	82
0	81
240	81
0	82
240	82
0	82
240	82
0	79
240	79
0	77
240	77
0	74
240	74
0	67
0	84
0	65
240	84
0	82
240	82
0	84
240	84
0	82
240	82
0	86
240	86
0	82
240	82
0	65
0	84
0	72
240	72
0	84
0	84
0	72
240	72
0	84
0	79
0	70
240	79
0	82
240	82
0	81
240	81
0	82
240	82
0	82
240	82
0	79
240	79
0	84
240	84
0	82
240	82
0	70
0	84
0	72
240	84
0	82
240	82
0	84
240	84
0	82
240	82
0	86
240	86
0	82
240	82
0	84
240	84
0	86
240	86
0	72
0	79
0	67
240	79
0	82
240	82
0	81
240	81
0	82
240	82
0	82
240	82
0	79
240	79
0	77
240	77
0	74
240	74
0	67
0	84
0	65
240	84
0	82
240	82
0	84
240	84
0	82
240	82
0	86
240	86
0	82
240	82
0	65
0	84
0	72
240	72
0	84
0	84
0	72
240	72
0	84
0	79
0	70
240	79
0	82
240	82
0	81
240	81
0	82
240	82
0	82
240	82
0	79
240	79
0	84
240	84
0	82
240	82
0	70
0	84
0	72
240	84
0	82
240	82
0	84
240	84
0	82
240	82
0	86
240	86
0	82
240	82
0	84
240	84
0	86
240	86
0	72
0	79
0	67
240	79
0	82
240	82
0	81
240	81
0	82
240	82
0	82
240	82
0	79
240	79
0	77
240	77
0	74
240	74
0	67
0	84
0	65
240	84
0	82
240	82
0	84
240	84
0	82
240	82
0	86
240	86
0	82
240	82
0	65
0	84
0	72
240	72
0	84
0	84
0	72
240	72
0	84
0	79
0	70
240	79
0	82
240	82
0	81
240	81
0	82
240	82
0	82
240	82
0	79
240	79
0	84
240	84
0	82
240	82
0	70
0	84
0	72
240	84
0	82
240	82
0	84
240	84
0	82
240	82
0	86
240	86
0	82
240	82
0	84
240	84
0	86
240	86
0	72
0	79
0	67
240	79
0	82
240	82
0	81
240	81
0	82
240	82
0	82
240	82
0	79
240	79
0	77
240	77
0	74
240	74
0	67
0	84
0	65
240	84
0	82
240	82
0	84
240	84
0	82
240	82
0	86
240	86
0	82
240	82
0	65
0	84
0	72
240	72
0	84
0	84
0	72
240	72
0	84
0	0
0	0
0	84
0	72
120	0
0	0
120	72
0	84
0	0
0	0
0	84
0	72
120	0
0	0
120	72
0	84
0	0
0	0
0	84
0	72
120	0
0	0
120	72
0	84
0	0
0	0
0	84
0	72
120	0
0	0
120	72
0	84
0	0
0	0
0	84
0	72
120	0
0	0
120	72
0	84
0	0
0	0
0	84
0	72
120	0
0	0
120	72
0	84
0	0
0	0
0	84
0	72
120	0
0	0
120	72
0	84
0	0
0	0
0	84
0	72
120	0
0	0
120	72
0	84
0	0
0	0
0	0
0	0
0	0
0	0
0	0
0	0
0	0
0	0
0	0
0	0
0	0
0	0
0	0
0	0
0	0
0	0
0	0
0	0
0	0
0	0
0	0
0	0
0	0
0	0
0	0
0	0
0	0
0	0
0	0
0	0
0	0
0	0
0	0
0	0
0	0
0	0
