delta_time	note
0	0
1917	0
1	0
1	0
1	0
0	0
0	0
1	0
1	0
1	0
0	0
1	0
1	0
1	0
0	0
0	0
1	0
1	0
1	0
0	0
1	0
1	0
1	0
0	0
1	0
1	0
1	0
0	0
0	0
0	0
0	0
0	0
0	0
0	0
0	0
0	0
0	0
0	0
0	0
222705	70
1920	70
0	72
1920	72
0	67
1920	67
0	65
1920	65
0	70
1920	70
0	72
1920	72
0	67
1920	67
0	65
1920	65
0	58
1920	58
0	60
1920	60
0	55
1920	55
0	53
1920	53
0	58
1920	58
0	60
1920	60
0	55
1920	55
0	53
1920	53
0	58
1920	58
0	60
1920	60
0	55
1920	55
0	53
1920	0
0	0
120	0
0	0
120	0
0	0
120	0
0	0
120	0
0	0
120	0
0	0
120	0
0	0
120	0
0	0
120	0
0	0
120	0
0	0
120	0
0	0
120	0
0	0
120	0
0	0
120	0
0	0
120	0
0	0
120	0
0	0
120	53
0	0
0	0
0	0
0	0
0	0
0	0
0	0
0	0
0	0
0	0
0	0
0	0
0	0
0	0
0	0
0	0
0	0
0	0
0	0
0	0
0	0
0	0
0	0
0	0
0	0
0	0
0	0
0	0
0	0
0	0
0	0
0	0
0	0
0	0
0	0
0	0
0	0
0	0
