delta_time	note
0	0
1917	0
1	0
1	0
1	0
0	0
0	0
1	0
1	0
1	0
0	0
1	0
1	0
1	0
0	0
0	0
1	0
1	0
1	0
0	0
1	0
1	0
1	0
0	0
1	0
1	0
1	0
0	0
0	0
0	0
0	0
0	0
0	0
0	0
0	0
0	0
0	0
0	0
0	0
30705	58
960	58
0	65
960	65
0	62
480	62
0	62
240	62
0	62
120	62
0	60
120	60
0	62
240	62
0	58
240	58
0	60
240	60
0	62
120	62
0	65
120	65
0	62
240	62
240	58
120	58
120	58
120	58
120	58
240	58
0	58
120	58
120	58
120	58
120	58
120	58
120	58
240	58
0	65
240	65
0	58
120	58
120	58
120	58
120	60
240	60
0	58
240	58
0	57
240	57
0	55
240	55
0	58
960	58
0	65
960	65
0	62
480	62
0	62
240	62
0	62
120	62
0	60
120	60
0	62
240	62
0	58
240	58
0	60
240	60
0	62
120	62
0	65
120	65
0	62
240	62
240	58
120	58
120	58
120	58
120	58
240	58
0	58
120	58
120	58
120	58
120	58
120	58
120	58
240	58
74640	58
960	58
0	65
960	65
0	62
480	62
0	62
240	62
0	62
120	62
0	60
120	60
0	62
240	62
0	58
240	58
0	60
240	60
0	62
120	62
0	65
120	65
0	62
240	62
240	58
120	58
120	58
120	58
120	58
240	58
0	58
120	58
120	58
120	58
120	58
120	58
120	58
240	58
0	65
240	65
0	58
120	58
120	58
120	58
120	60
240	60
0	58
240	58
0	57
240	57
0	55
240	55
0	58
960	58
0	65
960	65
0	62
480	62
0	62
240	62
0	62
120	62
0	60
120	60
0	62
240	62
0	58
240	58
0	60
240	60
0	62
120	62
0	65
120	65
0	62
240	62
240	58
120	58
120	58
120	58
120	58
240	58
0	58
120	58
120	58
120	58
120	58
120	58
120	58
240	58
74640	58
960	58
0	65
960	65
0	62
480	62
0	62
240	62
0	62
120	62
0	60
120	60
0	62
240	62
0	58
240	58
0	60
240	60
0	62
120	62
0	65
120	65
0	62
240	62
240	58
120	58
120	58
120	58
120	58
240	58
0	58
120	58
120	58
120	58
120	58
120	58
120	58
240	58
0	65
240	65
0	58
120	58
120	58
120	58
120	60
240	60
0	58
240	58
0	57
240	57
0	55
240	55
0	58
960	58
0	65
960	65
0	62
480	62
0	62
240	62
0	62
120	62
0	60
120	60
0	62
240	62
0	58
240	58
0	60
240	60
0	62
120	62
0	65
120	65
0	62
240	62
240	58
120	58
120	58
120	58
120	58
240	58
0	58
120	58
120	58
120	58
120	58
120	58
120	58
960	58
0	62
960	62
0	55
360	55
0	57
360	57
0	58
2640	58
0	55
240	55
0	55
240	55
0	55
360	55
0	58
360	58
0	62
192	0
16	0
16	0
16	0
2400	62
0	0
480	55
360	55
0	57
360	57
0	58
480	58
0	53
480	53
0	53
480	53
0	60
480	60
0	58
960	58
0	62
240	62
0	62
216	0
24	0
480	62
0	0
0	62
480	62
0	65
1440	65
0	58
1200	58
23040	0
0	0
120	0
0	0
120	0
0	0
120	0
0	0
120	0
0	0
120	0
0	0
120	0
0	0
120	0
0	0
120	0
0	0
120	0
0	0
120	0
0	0
120	0
0	0
120	0
0	0
120	0
0	0
120	0
0	0
120	0
0	0
120	0
0	0
0	0
0	0
0	0
0	0
0	0
0	0
0	0
0	0
0	0
0	0
0	0
0	0
0	0
0	0
0	0
0	0
0	0
0	0
0	0
0	0
0	0
0	0
0	0
0	0
0	0
0	0
0	0
0	0
0	0
0	0
0	0
0	0
0	0
0	0
0	0
0	0
0	0
0	0
0	0
0	0
