delta_time	note
0	0
1917	0
1	0
1	0
1	0
0	0
0	0
1	0
1	0
1	0
0	0
1	0
1	0
1	0
0	0
0	0
1	0
1	0
1	0
0	0
1	0
1	0
1	0
0	0
1	0
1	0
1	0
0	0
0	0
0	0
0	0
0	0
0	0
0	0
0	0
0	0
0	0
0	0
0	0
15345	39
1440	39
0	41
240	41
0	43
240	43
0	41
1920	41
0	31
3840	31
0	39
1440	39
0	41
240	41
0	43
240	43
0	41
1920	41
0	31
3840	31
0	39
1440	39
0	41
240	41
0	43
240	43
0	41
1920	41
0	31
3840	31
0	39
1440	39
0	41
240	41
0	43
240	43
0	41
1920	41
0	31
1920	31
1920	0
0	46
16	0
32	0
16	0
32	0
16	0
32	0
16	0
32	0
16	0
32	0
16	0
32	0
16	0
32	0
16	0
32	0
16	0
32	0
16	0
32	0
16	0
32	0
16	0
32	0
16	0
32	0
48	0
48	0
240	46
0	0
480	31
240	31
0	31
240	31
0	31
720	31
0	31
240	31
0	31
480	31
0	31
480	31
0	0
0	46
16	0
32	0
16	0
32	0
16	0
32	0
16	0
32	0
16	0
32	0
16	0
32	0
16	0
32	0
16	0
32	0
16	0
32	0
16	0
32	0
16	0
32	0
16	0
32	0
16	0
32	0
48	0
48	0
240	46
0	0
480	31
240	31
0	31
240	31
0	31
720	31
0	31
240	31
0	31
480	31
0	31
480	31
1440	31
240	31
0	31
240	31
0	31
960	31
0	31
360	31
0	31
120	31
0	31
240	31
0	31
240	31
0	39
1440	39
0	41
240	41
0	43
240	43
0	41
1920	41
0	0
0	46
16	0
32	0
16	0
32	0
16	0
32	0
16	0
32	0
16	0
32	0
16	0
32	0
16	0
32	0
16	0
32	0
16	0
32	0
16	0
32	0
16	0
32	0
16	0
32	0
16	0
32	0
48	0
48	0
240	46
0	0
480	31
240	31
0	31
240	31
0	31
720	31
0	31
240	31
0	31
480	31
0	31
480	31
0	0
0	46
16	0
32	0
16	0
32	0
16	0
32	0
16	0
32	0
16	0
32	0
16	0
32	0
16	0
32	0
16	0
32	0
16	0
32	0
16	0
32	0
16	0
32	0
16	0
32	0
16	0
32	0
48	0
48	0
240	46
0	0
480	31
240	31
0	31
240	31
0	31
720	31
0	31
240	31
0	31
480	31
0	31
480	31
1440	31
160	31
0	31
160	31
0	31
160	31
0	31
240	31
240	31
160	31
0	31
160	31
0	31
160	31
0	31
160	31
0	31
160	31
0	31
160	31
0	31
240	31
0	31
240	31
0	39
1440	39
0	41
240	41
0	43
240	43
0	41
1920	41
0	0
0	46
16	0
32	0
16	0
32	0
16	0
32	0
16	0
32	0
16	0
32	0
16	0
32	0
16	0
32	0
16	0
32	0
16	0
32	0
16	0
32	0
16	0
32	0
16	0
32	0
16	0
32	0
48	0
48	0
240	46
0	0
480	31
240	31
0	31
240	31
0	31
720	31
0	31
240	31
0	31
480	31
0	31
480	31
0	0
0	46
16	0
32	0
16	0
32	0
16	0
32	0
16	0
32	0
16	0
32	0
16	0
32	0
16	0
32	0
16	0
32	0
16	0
32	0
16	0
32	0
16	0
32	0
16	0
32	0
16	0
32	0
48	0
48	0
240	46
0	0
480	31
240	31
0	31
240	31
0	31
720	31
0	31
240	31
0	31
480	31
0	31
480	31
1440	31
240	31
0	31
240	31
0	31
960	31
0	31
360	31
0	31
120	31
0	31
240	31
0	31
240	31
0	39
1440	39
0	41
240	41
0	43
240	43
0	41
1920	41
0	0
0	46
16	0
32	0
16	0
32	0
16	0
32	0
16	0
32	0
16	0
32	0
16	0
32	0
16	0
32	0
16	0
32	0
16	0
32	0
16	0
32	0
16	0
32	0
16	0
32	0
16	0
32	0
48	0
48	0
240	46
0	0
480	31
240	31
0	31
240	31
0	31
720	31
0	31
240	31
0	31
480	31
0	31
480	31
0	0
0	46
16	0
32	0
16	0
32	0
16	0
32	0
16	0
32	0
16	0
32	0
16	0
32	0
16	0
32	0
16	0
32	0
16	0
32	0
16	0
32	0
16	0
32	0
16	0
32	0
16	0
32	0
48	0
48	0
240	46
0	0
480	31
240	31
0	31
240	31
0	31
720	31
0	31
240	31
0	31
480	31
0	31
480	31
1440	31
160	31
0	31
160	31
0	31
160	31
0	31
240	31
240	31
160	31
0	31
160	31
0	31
160	31
0	31
160	31
0	31
160	31
0	31
160	31
0	31
240	31
0	31
240	31
0	39
1440	39
0	41
240	41
0	43
240	43
0	41
1920	41
0	31
3840	31
0	39
1440	39
0	41
240	41
0	43
240	43
0	41
1920	41
0	31
3840	31
0	39
1440	39
0	41
240	41
0	43
240	43
0	41
1920	41
0	31
3840	31
0	39
1440	39
0	41
240	41
0	43
240	43
0	41
1920	41
0	31
1920	31
1920	0
0	46
16	0
32	0
16	0
32	0
16	0
32	0
16	0
32	0
16	0
32	0
16	0
32	0
16	0
32	0
16	0
32	0
16	0
32	0
16	0
32	0
16	0
32	0
16	0
32	0
16	0
32	0
48	0
48	0
240	46
0	0
480	31
240	31
0	31
240	31
0	31
720	31
0	31
240	31
0	31
480	31
0	31
480	31
0	0
0	46
16	0
32	0
16	0
32	0
16	0
32	0
16	0
32	0
16	0
32	0
16	0
32	0
16	0
32	0
16	0
32	0
16	0
32	0
16	0
32	0
16	0
32	0
16	0
32	0
16	0
32	0
48	0
48	0
240	46
0	0
480	31
240	31
0	31
240	31
0	31
720	31
0	31
240	31
0	31
480	31
0	31
480	31
1440	31
240	31
0	31
240	31
0	31
960	31
0	31
360	31
0	31
120	31
0	31
240	31
0	31
240	31
0	39
1440	39
0	41
240	41
0	43
240	43
0	41
1920	41
0	0
0	46
16	0
32	0
16	0
32	0
16	0
32	0
16	0
32	0
16	0
32	0
16	0
32	0
16	0
32	0
16	0
32	0
16	0
32	0
16	0
32	0
16	0
32	0
16	0
32	0
16	0
32	0
48	0
48	0
240	46
0	0
480	31
240	31
0	31
240	31
0	31
720	31
0	31
240	31
0	31
480	31
0	31
480	31
0	0
0	46
16	0
32	0
16	0
32	0
16	0
32	0
16	0
32	0
16	0
32	0
16	0
32	0
16	0
32	0
16	0
32	0
16	0
32	0
16	0
32	0
16	0
32	0
16	0
32	0
16	0
32	0
48	0
48	0
240	46
0	0
480	31
240	31
0	31
240	31
0	31
720	31
0	31
240	31
0	31
480	31
0	31
480	31
1440	31
160	31
0	31
160	31
0	31
160	31
0	31
240	31
240	31
160	31
0	31
160	31
0	31
160	31
0	31
160	31
0	31
160	31
0	31
160	31
0	31
240	31
0	31
240	31
0	39
1440	39
0	41
240	41
0	43
240	43
0	41
1920	41
0	0
0	46
16	0
32	0
16	0
32	0
16	0
32	0
16	0
32	0
16	0
32	0
16	0
32	0
16	0
32	0
16	0
32	0
16	0
32	0
16	0
32	0
16	0
32	0
16	0
32	0
16	0
32	0
48	0
48	0
240	46
0	0
480	31
240	31
0	31
240	31
0	31
720	31
0	31
240	31
0	31
480	31
0	31
480	31
0	0
0	46
16	0
32	0
16	0
32	0
16	0
32	0
16	0
32	0
16	0
32	0
16	0
32	0
16	0
32	0
16	0
32	0
16	0
32	0
16	0
32	0
16	0
32	0
16	0
32	0
16	0
32	0
48	0
48	0
240	46
0	0
480	31
240	31
0	31
240	31
0	31
720	31
0	31
240	31
0	31
480	31
0	31
480	31
1440	31
240	31
0	31
240	31
0	31
960	31
0	31
360	31
0	31
120	31
0	31
240	31
0	31
240	31
0	39
1440	39
0	41
240	41
0	43
240	43
0	41
1920	41
0	0
0	46
16	0
32	0
16	0
32	0
16	0
32	0
16	0
32	0
16	0
32	0
16	0
32	0
16	0
32	0
16	0
32	0
16	0
32	0
16	0
32	0
16	0
32	0
16	0
32	0
16	0
32	0
48	0
48	0
240	46
0	0
480	31
240	31
0	31
240	31
0	31
720	31
0	31
240	31
0	31
480	31
0	31
480	31
0	0
0	46
16	0
32	0
16	0
32	0
16	0
32	0
16	0
32	0
16	0
32	0
16	0
32	0
16	0
32	0
16	0
32	0
16	0
32	0
16	0
32	0
16	0
32	0
16	0
32	0
16	0
32	0
48	0
48	0
240	46
0	0
480	31
240	31
0	31
240	31
0	31
720	31
0	31
240	31
0	31
480	31
0	31
480	31
1440	31
160	31
0	31
160	31
0	31
160	31
0	31
240	31
240	31
160	31
0	31
160	31
0	31
160	31
0	31
160	31
0	31
160	31
0	31
160	31
0	31
240	31
0	31
240	31
0	39
1440	39
0	41
240	41
0	43
240	43
0	41
1920	41
0	31
3840	31
0	39
1440	39
0	41
240	41
0	43
240	43
0	41
1920	41
0	31
3840	31
53760	0
0	0
120	0
0	0
120	0
0	0
120	0
0	0
120	0
0	0
120	0
0	0
120	0
0	0
120	0
0	0
120	0
0	0
120	0
0	0
120	0
0	0
120	0
0	0
120	0
0	0
120	0
0	0
120	0
0	0
120	0
0	0
120	0
0	0
0	0
0	0
0	0
0	0
0	0
0	0
0	0
0	0
0	0
0	0
0	0
0	0
0	0
0	0
0	0
0	0
0	0
0	0
0	0
0	0
0	0
0	0
0	0
0	0
0	0
0	0
0	0
0	0
0	0
0	0
0	0
0	0
0	0
0	0
0	0
0	0
0	0
0	0
0	0
0	0
0	0
0	0
0	0
0	0
0	0
0	0
0	0
0	0
0	0
0	0
0	0
0	0
0	0
0	0
0	0
0	0
0	0
0	0
0	0
0	0
0	0
0	0
0	0
0	0
0	0
0	0
0	0
0	0
0	0
0	0
0	0
0	0
0	0
0	0
0	0
0	0
0	0
0	0
0	0
0	0
0	0
0	0
0	0
0	0
0	0
0	0
0	0
0	0
0	0
0	0
0	0
0	0
0	0
0	0
0	0
0	0
0	0
0	0
0	0
0	0
0	0
0	0
0	0
0	0
0	0
0	0
0	0
0	0
0	0
0	0
0	0
0	0
0	0
0	0
0	0
0	0
0	0
0	0
0	0
0	0
0	0
0	0
0	0
0	0
0	0
0	0
0	0
0	0
0	0
0	0
0	0
0	0
0	0
0	0
0	0
0	0
0	0
0	0
0	0
0	0
0	0
0	0
0	0
0	0
0	0
0	0
0	0
0	0
0	0
0	0
0	0
0	0
0	0
0	0
0	0
0	0
0	0
0	0
0	0
0	0
0	0
0	0
0	0
0	0
0	0
0	0
0	0
0	0
0	0
0	0
0	0
0	0
0	0
0	0
0	0
0	0
0	0
0	0
0	0
0	0
0	0
0	0
0	0
0	0
0	0
0	0
0	0
0	0
0	0
0	0
0	0
0	0
0	0
0	0
0	0
0	0
0	0
0	0
0	0
0	0
0	0
0	0
0	0
0	0
0	0
0	0
0	0
0	0
0	0
0	0
0	0
0	0
0	0
0	0
0	0
0	0
0	0
0	0
0	0
0	0
0	0
0	0
0	0
0	0
0	0
0	0
0	0
0	0
0	0
0	0
0	0
0	0
0	0
0	0
0	0
0	0
0	0
0	0
0	0
0	0
0	0
0	0
0	0
0	0
0	0
0	0
0	0
0	0
0	0
0	0
0	0
0	0
0	0
0	0
0	0
0	0
0	0
0	0
0	0
0	0
0	0
0	0
0	0
0	0
0	0
0	0
0	0
0	0
0	0
0	0
0	0
0	0
0	0
0	0
0	0
0	0
